
strategic_region={
	id=212
	name="STRATEGICREGION_212"
	provinces={
		788 801 865 873 913 951 1014 1019 1077 1132 1142 1163 1333 1445 1506 1582 1758 1987 3651 3823 3917 3925 3941 3975 3999 4019 4059 4147 4168 4202 4402 4452 4454 4541 4627 4988 6696 6846 6850 6943 6958 6971 6974 7034 7045 7083 7122 7138 7163 7190 7466 7534 7547 7558 7588 7615 7643 7646 7791 7797 8014 8083 9727 9779 9876 9923 9931 9967 10033 10051 10081 10096 10281 10343 10412 10439 10441 10468 10495 10586 10615 10657 10727 10824 10909 11738 11783 11841 11873 11888 11966 12054 12090 12445 12449 12501 12568 12637 12670 12709 
	}
	weather={
	}
}
