3 7 6521 11505 9496 3473 444 3532 6558 
2 6 9496 11415 3572 6595 552 9570 
1 4 6558 3460 3510 9570 
2 5 6558 17 3381 243 3295 
2 12 11505 3207 537 6236 9387 9252 11260 334 389 3380 6402 6332 
1 2 389 362 
1 3 11260 279 3295 
2 7 6332 395 3384 11312 3272 327 3320 
1 5 3295 6347 9346 11245 395 
2 6 6521 375 11219 9294 9320 9347 
3 7 6521 3499 13262 3522 9375 526 6377 
2 4 6377 6263 6325 9347 
2 4 6377 3271 3326 241 
1 2 9320 11305 
1 3 3258 3340 9388 
1 5 6521 11444 3258 293 321 
2 4 6377 11493 6513 3561 
2 4 3561 425 6582 3535 
2 5 3561 9524 6549 3397 6488 
2 4 9570 6512 9457 11467 
1 4 11467 6464 13205 9427 
1 3 11467 506 3586 
2 3 9508 9400 3544 
1 5 3295 3230 548 11492 9400 
1 4 9508 11428 584 3586 
2 6 3544 524 402 9544 11466 3392 
1 7 11245 9398 266 11386 11329 11357 11301 
1 3 11301 11247 3392 
2 6 6377 3395 405 11388 6535 495 
1 5 241 11360 11318 9335 6336 
2 5 6469 3512 9363 6241 391 
2 4 11544 11529 6555 9517 
2 6 11544 571 3299 9515 11653 692 
2 7 9515 9681 3703 9665 11651 704 11666 
2 6 3535 9471 9441 11404 9416 11544 
1 3 692 11620 673 
1 4 692 9652 707 688 
2 5 692 6693 708 11499 9517 
2 5 9503 6529 678 6683 9620 
1 6 9503 1346 3629 11502 9559 6583 
2 5 6488 11560 3558 549 9503 
1 3 9517 3530 3558 
1 5 3530 6568 3574 589 6488 
2 5 6488 6594 11417 9572 11544 
1 3 11531 563 3558 
1 6 6488 11560 3423 11494 3547 3488 
2 4 3547 587 6469 495 
2 4 6469 3444 11456 9498 
1 3 11531 9575 3423 
2 3 3535 11481 514 
2 5 6521 9428 6441 11545 3535 
1 4 6521 9428 6441 514 
2 5 514 6559 11432 6440 11542 
1 7 514 573 3514 11517 6534 3545 9570 
2 6 11301 347 13206 3393 9274 3320 
3 7 11666 9527 6552 543 9541 9569 11542 
2 3 9347 6257 6389 
1 5 6389 317 11251 3277 6364 
2 3 391 3211 9498 
1 3 6241 6286 6336 
1 3 391 3314 6336 
1 6 3262 9431 480 6560 3576 516 
2 4 516 6598 3262 9498 
2 5 3488 6537 11519 3516 516 
1 5 3262 6496 6500 11562 6537 
1 3 11519 9574 6496 
1 3 6583 11407 6537 
1 3 9503 1346 11516 
1 5 3320 9295 11342 11358 310 
1 5 9340 6222 6342 11246 9262 
1 5 3152 11426 9079 6099 9221 
1 5 3152 11426 11127 11443 4640 
1 6 9221 6408 3388 10493 9240 9340 
1 5 6342 9483 6229 6360 6296 
1 3 6296 327 3320 
1 2 3272 6296 
1 7 9483 6376 530 9374 9246 11358 310 
1 5 9340 10323 11222 7482 310 
2 4 3320 6340 277 11370 
2 7 9427 11413 442 6499 6522 9468 11479 
2 6 11666 3700 6720 9676 11663 9660 
2 8 9457 3583 6590 9551 11539 3537 6561 9690 
1 7 9288 6344 6373 3350 386 216 11370 
3 16 6380 11282 3358 11250 3215 11315 2999 187 9111 6086 6035 6095 9164 11068 149 3151 
1 7 3151 6174 11080 181 3120 126 4640 
1 9 9288 9249 3203 215 3556 560 6415 11528 3392 
1 8 11370 11216 9236 9359 6359 6306 3281 3392 
2 5 525 504 11490 9481 476 
2 9 476 3457 6509 6557 572 513 3412 6546 3392 
2 6 476 9423 9576 754 741 11670 
2 10 6380 3391 3327 274 335 11254 9272 6387 3362 306 
2 7 11370 294 11322 3331 11220 11290 306 
1 5 11479 491 11427 11550 577 
3 3 11666 6690 9648 
2 7 9660 11625 6700 9621 3617 11580 11586 
1 6 673 9636 6678 6680 11623 663 
2 3 9620 9638 663 
2 5 11666 6739 3718 557 3569 
2 5 3569 3553 583 9429 11542 
2 11 9660 716 3731 6751 11520 3565 11691 11536 6431 6483 11479 
1 4 6418 424 6470 9441 
1 3 6418 9421 9541 
1 4 3583 9567 9412 9427 
3 6 11666 9692 3716 11679 9690 9660 
2 6 9660 6703 682 3670 9611 11581 
2 3 3544 6511 3458 
1 3 402 11274 11301 
1 4 9346 9290 6567 3544 
1 6 3458 9521 3559 9452 11441 3412 
1 4 9617 6658 9612 649 
2 4 9617 674 11636 6706 
1 6 9617 3636 3639 637 6652 11657 
1 3 688 3684 11651 
2 5 11659 11644 11646 684 9660 
1 4 11644 3696 3709 6711 
1 7 11659 6735 9706 746 6571 3743 11550 
1 4 11479 9558 9454 572 
1 3 9454 3483 6509 
2 5 6287 6393 3260 3325 3277 
2 6 3653 772 654 9626 1530 1599 
2 9 1599 11708 1539 11674 11645 4477 4614 1536 7661 
1 10 3686 13261 705 3722 9712 6771 11700 6596 11405 11437 
2 8 504 9465 11438 458 3452 6451 6423 11437 
1 4 3722 9718 9677 9680 
1 4 11542 9414 11401 11517 
2 4 11646 679 646 9606 
1 3 9606 3649 11657 
1 7 9621 619 11577 6647 9595 624 11581 
1 4 11581 3592 3601 11564 
1 4 6647 11574 6799 11899 
1 7 9648 9646 596 9596 9627 599 6626 
2 7 9648 653 3673 11612 3631 11595 6626 
1 3 599 13234 11735 
1 2 9627 11564 
2 3 11584 628 6626 
1 8 310 6459 3219 6326 6249 9323 11241 11220 
1 5 11405 3399 429 6776 6474 
1 4 11683 574 11561 6423 
1 6 673 11618 9630 11598 9598 603 
1 7 9620 9618 636 3641 9600 9584 3780 
1 6 3673 3674 668 671 11615 9630 
2 6 11584 3604 603 11568 969 3780 
2 4 3780 776 3782 6780 
2 5 10074 3857 1156 4159 4014 
1 2 10074 7059 
2 7 6606 9752 6790 11726 9741 11730 6780 
2 7 6606 782 9924 967 925 9838 6831 
2 4 9909 11891 3772 6788 
2 8 9904 11751 6862 6875 11833 6946 6973 6788 
2 6 6946 9907 9879 3885 9794 9904 
1 3 9794 6926 925 
1 2 6788 11726 
1 4 6606 11734 9582 11584 
1 2 6790 3780 
2 6 6780 9745 6609 6784 3589 6613 
2 8 6831 3966 6939 883 6843 9784 11837 11998 
2 10 9909 3928 911 11834 11849 958 11713 762 780 3589 
2 6 9764 854 9824 9853 3946 6960 
2 5 9904 11846 923 9826 819 
1 8 819 955 851 3968 10027 3901 12066 9990 
1 3 10027 9856 11837 
1 3 819 11803 883 
2 8 9495 527 3495 3509 3534 6547 9523 11506 
2 10 512 6533 9492 3671 11596 629 11582 595 11565 9737 
3 8 11506 11491 3506 3681 11628 648 11794 6613 
2 7 11506 11518 11549 13011 6545 5291 11516 
2 5 11506 9534 6569 11563 9434 
1 5 9578 6599 11535 3579 6449 
1 5 9495 11465 9510 6536 542 
1 5 9495 11508 9525 6572 3552 
1 6 11465 11616 11600 6657 9597 11565 
2 5 9737 9717 929 3749 6766 
2 14 6766 11702 755 9734 9751 620 3626 651 9629 11631 3493 512 9725 9523 
2 7 6766 943 9723 6960 9898 11877 11849 
2 6 11372 9361 9334 6334 6282 3207 
1 2 9578 11563 
2 5 11628 3652 9642 3666 6683 
1 4 9642 6698 698 678 
2 4 9737 6777 9710 743 
1 5 743 11697 9884 12169 6766 
1 4 743 3737 6756 740 
2 4 13011 9472 13081 3516 
1 5 557 11511 6562 3414 3583 
2 4 11105 6108 9194 3083 
2 8 9206 11162 3050 6150 3187 3133 11046 6153 
2 8 11105 9129 11172 3025 6138 9038 6013 3122 
1 14 9108 6165 6125 9147 11125 11164 11081 158 11121 195 9156 3172 11065 6013 
2 9 9206 6082 11056 9183 9073 67 9167 6144 9129 
1 2 9183 3061 
2 5 9073 11138 9056 9163 141 
1 4 149 9150 9105 3050 
1 4 3151 3060 9100 9206 
1 10 11046 9181 6210 3185 6146 11079 9233 82 120 158 
1 5 141 6078 11199 9106 9233 
1 3 11172 9094 3083 
1 18 3134 11117 9201 6181 3121 9162 3008 86 3189 9195 94 6021 11175 155 11092 3033 9118 11159 
1 4 11125 124 6087 6137 
1 5 6078 9219 11144 6198 9156 
1 3 6153 40 9118 
1 6 6613 9590 6639 6666 9622 9620 
1 3 663 11601 3641 
2 4 9492 9478 503 11465 
2 7 3493 6688 11611 9609 3594 11593 6613 
2 6 11506 9561 454 6504 11483 575 
1 4 516 9536 11606 11483 
1 9 9131 9199 75 72 9187 3130 6102 312 3338 
2 8 11586 11583 6634 9602 11887 11868 965 949 
2 9 9833 11829 11811 6871 3951 6808 3907 11784 11747 
1 6 4112 928 9921 785 11867 947 
1 6 9878 6945 11796 3927 6992 928 
2 3 9878 3983 3951 
2 4 9878 3876 11860 940 
2 8 940 9755 6807 9763 9830 961 6956 11746 
2 4 11746 806 3889 12473 
1 4 3889 9893 9912 7620 
2 5 12473 7140 1056 4550 4111 
1 6 4111 1074 7170 7151 10089 4591 
1 2 4111 792 
2 10 9833 6895 3879 3893 11905 11774 9791 6990 3936 11818 
2 6 11905 9862 6923 3937 3908 949 
1 8 5037 4981 7934 10835 2095 2027 11976 4591 
1 3 6364 6235 394 
1 7 3594 9748 769 3754 11709 6962 6960 
2 7 9764 6812 6966 3873 6817 9896 6906 
3 7 3938 9767 6993 9785 11766 813 3816 
2 8 6906 3799 3891 888 11742 9852 6914 3938 
2 10 3938 13224 13229 9778 6896 3871 6744 4182 10009 9979 
2 4 3871 875 1178 7183 
1 5 740 11688 9703 6749 11707 
2 4 3816 3954 13223 6966 
1 4 758 6955 9689 6734 
2 8 6906 6856 9889 4098 10024 10109 4065 11956 
1 4 3816 9813 11821 915 
2 6 11707 3729 726 3920 4024 11825 
2 7 6734 9686 11675 11840 11843 13219 726 
1 4 6955 11692 11677 11675 
2 5 3938 3794 9800 9846 11825 
2 7 11825 6936 903 885 11852 13233 740 
2 6 3938 896 11820 9917 6866 13230 
2 7 11805 3861 799 6924 9817 11673 6734 
1 6 11805 924 844 3926 9877 13230 
1 5 9817 889 845 874 6867 
2 3 9846 13232 6867 
2 5 6867 13221 11756 9839 13230 
2 5 11805 970 980 3866 3790 
1 6 3790 6880 12070 9815 4080 7183 
1 2 7183 1048 
2 6 9815 11749 11798 931 9925 6866 
2 4 11956 1176 7068 10009 
1 2 12038 11956 
1 3 4135 7153 10009 
1 5 9778 12081 950 4095 1176 
1 6 931 809 3810 6832 6800 13229 
1 4 931 11851 3886 3926 
1 3 3892 6941 845 
1 5 3816 6878 6903 3902 11852 
1 5 9896 871 7213 948 813 
1 4 11766 857 13226 885 
1 8 13224 11863 3953 11812 11807 9903 1093 10024 
1 3 9903 11884 9889 
1 3 980 6933 3846 
1 5 6924 9787 6818 938 874 
3 7 3957 6984 3824 6845 11782 6882 3878 
2 4 3878 6911 3806 9693 
2 7 3878 9847 6909 9832 11830 3906 6732 
1 4 6732 715 718 3806 
1 7 6732 3712 3732 7462 12459 1338 1619 
2 7 9693 1436 9708 3747 3733 734 11654 
3 9 3824 822 3847 11758 11769 11789 11800 4442 6890 
2 5 6890 882 3687 6707 11654 
3 8 6890 9825 3685 689 11637 9654 6713 9450 
2 8 9654 11641 11685 9684 6769 11669 9724 6710 
3 8 9450 12357 12456 10341 10526 3699 1719 1866 
2 9 1866 6752 10618 3719 1752 1836 12566 6722 1767 
1 9 3855 7840 7771 12620 7862 1836 10709 4759 12603 
1 8 12586 10595 12667 4880 10685 3719 1870 4790 
2 6 1866 9880 7536 4691 11788 1770 
2 7 9450 12312 11589 10478 7306 12418 1770 
2 4 1595 7551 9653 9654 
2 5 3957 873 3823 11841 10412 
1 3 11841 11738 788 
2 9 10412 10343 7646 7588 6971 7547 4452 1445 6696 
2 4 6696 1881 10448 1595 
2 6 1445 4601 11776 11791 3872 689 
2 7 827 3829 801 9923 6958 11873 873 
2 10 3957 6929 6823 9789 3802 9808 827 6855 11760 11776 
2 3 6890 6874 827 
2 4 1595 9796 831 11776 
3 6 4569 12305 7626 4508 12437 1595 
3 4 4569 1621 12361 10717 
1 5 10717 10391 10516 1678 1770 
2 9 10516 7449 4590 1527 12497 720 1655 4531 1595 
2 4 9450 9682 10461 1655 
2 5 9450 12368 6737 10339 1527 
1 6 4569 4449 4540 4625 10477 12489 
2 9 1770 10666 12586 7852 3855 3613 4749 4794 10711 
3 9 10717 7834 1352 1753 10532 4871 12570 12642 1827 
2 5 11641 695 691 11656 6710 
1 4 11669 3766 10303 10233 
1 5 11685 11714 9747 7420 10233 
2 7 12489 4444 1646 7797 7615 1987 12501 
2 4 12501 12670 6974 6696 
2 8 7797 7464 4510 12328 4565 4650 7524 7552 
2 7 12328 11717 1587 12735 4594 9996 12384 
2 5 12501 10281 968 5090 12384 
2 6 12384 7583 860 492 4756 7480 
2 4 7524 4464 7668 7480 
1 5 7480 10520 10352 10380 10407 
1 4 7583 12498 12325 10407 
1 7 10407 1556 1584 7388 12752 1913 1843 
2 9 1843 9834 10489 866 12439 1572 12381 1480 11975 
2 5 12384 638 7118 10465 11975 
1 3 10407 12353 12381 
1 6 7791 7643 10495 10096 10081 7083 
1 5 1445 9727 1582 913 7791 
1 3 7791 10909 968 
2 3 1132 12054 7083 
2 4 11841 3925 7045 7083 
2 11 12489 12778 6803 8025 9822 4919 3972 12893 10867 12684 4975 
2 4 10337 10504 10861 3960 
1 7 12778 7485 1503 4522 12401 1528 12313 
1 4 1503 5001 9829 3960 
2 4 7552 4535 4507 12313 
2 8 12313 1500 10337 12410 4884 2042 6785 12369 
1 8 12369 5061 2019 12728 5038 1954 10894 10740 
2 6 7118 3994 7527 4491 7138 7083 
1 3 7527 10029 7202 
2 3 3994 1547 11975 
2 5 5090 9949 1485 4653 4491 
1 5 12778 4567 1534 9802 7834 
1 4 6706 6729 723 9716 
1 7 2042 12782 6798 8064 12301 9773 12893 
1 8 10740 12791 3883 4975 10642 12627 10588 1827 
1 4 3960 7981 1915 12301 
1 4 9773 12720 3867 12791 
1 6 9822 10798 11802 4740 12024 1753 
2 4 3960 2082 11743 9822 
1 3 7852 3708 1753 
1 4 1827 7780 4760 3613 
3 6 1827 1658 6887 1756 4668 4865 
2 5 7818 7999 10645 1972 4975 
1 6 12791 10914 4796 7747 853 10783 
1 2 7747 7920 
1 4 1562 12374 7986 10783 
1 5 10645 6897 12765 11814 4799 
2 5 4799 850 7879 12573 10651 
2 7 9713 710 4607 12399 10591 10651 4865 
2 4 4799 4657 10387 10483 
2 4 1562 7517 11757 9814 
2 4 4865 10662 4742 7818 
1 7 4865 10582 1663 7756 7827 4736 4607 
3 7 9814 11859 6881 986 3840 9637 9671 
2 4 9671 3677 6699 9713 
2 8 6699 6694 6876 4518 9911 9855 10483 9814 
2 9 9713 9697 3588 6665 3471 11733 528 4328 3513 
2 7 3513 10271 7386 7315 10157 4428 1408 
1 2 3513 12211 
2 5 3513 12183 7865 12553 9616 
1 5 7386 7442 10155 10690 7865 
2 4 9616 10556 1789 12535 
2 4 10711 7688 7888 12535 
1 6 9616 4778 12673 1690 10693 12578 
2 4 1690 10327 12214 7315 
2 4 1767 7760 1851 4741 
1 3 12535 10672 1736 
1 3 1857 1854 6742 
1 6 1851 12585 12572 4860 11712 1857 
2 6 1690 12124 12676 6742 1736 4741 
1 3 7756 9695 1789 
1 3 7818 7764 1756 
1 3 10711 7814 1851 
1 6 4759 7883 4863 10624 10593 1857 
1 7 1866 4807 4664 10341 1560 11589 6737 
1 6 3806 11665 10381 11662 7345 4345 
1 3 4759 12685 1870 
1 3 12357 9657 4166 
1 3 1747 3750 12620 
1 3 1719 12550 1734 
1 4 11747 6908 3919 11883 
2 6 11747 804 3862 3807 3870 9830 
1 6 3807 3964 919 933 9900 11881 
1 4 3983 3856 981 785 
1 4 10472 6991 789 11853 
1 4 11708 3564 12441 10472 
1 3 11853 9886 9932 
1 5 7620 9860 876 10399 11853 
1 5 6953 6970 3984 9599 11586 
2 8 949 3971 3952 3819 6842 9769 649 9783 
2 4 949 935 907 3882 
1 3 10163 3833 3882 
1 3 3882 9874 6953 
2 8 4109 1109 976 863 6930 3844 10163 11818 
1 3 9783 11597 657 
1 3 9862 9888 9902 
1 4 9617 11603 6677 657 
1 3 11557 6532 3568 
2 6 11557 582 3584 6605 559 11504 
1 4 9417 9430 6493 6474 
1 4 3734 3752 3765 3587 
2 11 9417 585 3587 6781 9726 11696 11678 731 6733 9647 3672 
1 8 7661 7495 4458 7624 4463 3668 3682 3672 
1 2 9647 9628 
1 4 3734 9696 3760 719 
2 8 3587 6417 3464 6490 6503 9474 6527 3529 
1 9 3529 11474 520 6516 6486 9455 11429 6620 9753 
1 5 9288 546 9506 3480 6532 
1 6 9288 9342 11298 11325 371 3335 
1 4 3335 6411 9384 9355 
1 6 306 3210 11336 6305 3226 3335 
2 4 9355 9328 9260 3580 
2 10 3580 580 9542 6565 9477 11425 11489 6458 11557 525 
2 5 3580 558 3492 9449 418 
2 4 11504 3557 11397 418 
1 5 9417 11434 11450 11459 11476 
1 7 11476 3540 6591 11412 11475 3527 413 
1 6 6474 3466 502 6530 3531 418 
