1 141 
1 306 
1 310 
1 362 
1 377 
1 391 
1 418 
1 476 
1 512 
1 514 
1 516 
1 525 
1 575 
1 577 
1 587 
1 663 
1 673 
1 678 
1 688 
1 692 
1 743 
1 758 
1 788 
1 792 
1 819 
1 853 
1 915 
1 940 
1 947 
1 949 
1 957 
1 1025 
1 1047 
1 1069 
1 1092 
1 1130 
1 1132 
1 1149 
1 1150 
1 1182 
1 1278 
1 1319 
1 1330 
1 1349 
1 1459 
1 1519 
1 1591 
1 1595 
1 1599 
1 1719 
1 1747 
1 1770 
1 1821 
1 1827 
1 1836 
1 1843 
1 2086 
1 2097 
1 3083 
1 3122 
1 3134 
1 3151 
1 3152 
1 3189 
1 3320 
1 3326 
1 3379 
1 3392 
1 3488 
1 3513 
1 3529 
1 3535 
1 3544 
1 3552 
1 3561 
1 3564 
1 3569 
1 3580 
1 3587 
1 3653 
1 3671 
1 3672 
1 3686 
1 3734 
1 3778 
1 3780 
1 3790 
1 3816 
1 3855 
1 3878 
1 3882 
1 3900 
1 3938 
1 3951 
1 3955 
1 3957 
1 3960 
1 3992 
1 4052 
1 4056 
1 4075 
1 4076 
1 4109 
1 4111 
1 4112 
1 4135 
1 4159 
1 4190 
1 4206 
1 4245 
1 4345 
1 4516 
1 4569 
1 4572 
1 4619 
1 4797 
1 4799 
1 4865 
1 4925 
1 4975 
1 5005 
1 5010 
1 5037 
1 6050 
1 6103 
1 6115 
1 6137 
1 6153 
1 6282 
1 6287 
1 6296 
1 6332 
1 6364 
1 6380 
1 6389 
1 6449 
1 6469 
1 6474 
1 6488 
1 6521 
1 6558 
1 6560 
1 6606 
1 6613 
1 6626 
1 6696 
1 6706 
1 6710 
1 6711 
1 6732 
1 6766 
1 6780 
1 6831 
1 6845 
1 6867 
1 6882 
1 6890 
1 6906 
1 6923 
1 6928 
1 6953 
1 6994 
1 6999 
1 7011 
1 7014 
1 7072 
1 7087 
1 7125 
1 7137 
1 7151 
1 7169 
1 7183 
1 7191 
1 7202 
1 7314 
1 7315 
1 7408 
1 7480 
1 7552 
1 7588 
1 7602 
1 7620 
1 7643 
1 7661 
1 7834 
1 8049 
1 8087 
1 9206 
1 9221 
1 9288 
1 9292 
1 9297 
1 9340 
1 9347 
1 9392 
1 9417 
1 9427 
1 9434 
1 9450 
1 9498 
1 9508 
1 9517 
1 9570 
1 9606 
1 9616 
1 9617 
1 9620 
1 9648 
1 9660 
1 9693 
1 9713 
1 9737 
1 9764 
1 9809 
1 9817 
1 9833 
1 9843 
1 9897 
1 9902 
1 9904 
1 9907 
1 9909 
1 9914 
1 9932 
1 9958 
1 9975 
1 9979 
1 10000 
1 10027 
1 10062 
1 10074 
1 10125 
1 10337 
1 10412 
1 10433 
1 10472 
1 10488 
1 10696 
1 10740 
1 10798 
1 10837 
1 10840 
1 11105 
1 11159 
1 11225 
1 11241 
1 11293 
1 11301 
1 11370 
1 11437 
1 11465 
1 11467 
1 11479 
1 11506 
1 11516 
1 11531 
1 11537 
1 11539 
1 11542 
1 11544 
1 11581 
1 11584 
1 11586 
1 11654 
1 11657 
1 11666 
1 11670 
1 11696 
1 11707 
1 11747 
1 11752 
1 11771 
1 11773 
1 11800 
1 11805 
1 11818 
1 11825 
1 11833 
1 11834 
1 11837 
1 11853 
1 11881 
1 11899 
1 11913 
1 11929 
1 11948 
1 11954 
1 12137 
1 12189 
1 12357 
1 12369 
1 12381 
1 12384 
1 12459 
1 12473 
1 12489 
1 12501 
1 12572 
1 12727 
1 12766 
1 12883 
1 13230 
