
state={
	id=351
	name="STATE_351"

	history={
		owner = SOV
		buildings = {
			infrastructure = 3

		}
		add_core_of = SOV
		victory_points = {
			9131 3 
		}
		victory_points = {
			3124 1
		}
	}

	provinces={
		23 60 72 75 81 84 89 106 127 129 135 138 143 160 163 166 174 183 196 2996 3031 3056 3057 3064 3065 3079 3087 3091 3099 3124 3135 3154 3157 3160 3164 3166 3175 6017 6034 6051 6073 6075 6077 6088 6091 6097 6109 6112 6113 6119 6158 6166 6180 6182 6189 6190 6199 9043 9101 9102 9110 9113 9130 9131 9133 9136 9168 9187 9199 9200 9202 9207 9210 9222 11027 11035 11036 11062 11071 11074 11075 11086 11095 11103 11107 11143 11168 11177 11178 11180 11189 11213 
	}
	manpower=2352100
	buildings_max_level_factor=1.000
	state_category=town
}
